D =
[
[0.004020643009748598  0.00792369302551529  0.009511701456668391  0.006120563604044378  0.005460733995822626  0.002943468455556403  0.002371226540188774  0.0016345853410872468  0.0081266167099495  0.001553391817081711  0.0037230160425600514  0.005619742906179522  0.006486508477763741  0.0062676641078176  0.01095543484232609  0.006935026760483137  0.003606062583748184  0.004074405143684829  0.002544342965999208  0.011398238912730846  ]
[0.014314205358112163  0.016936960851509326  0.010380400089442274  0.0014523733703883915  0.004181129111249004  0.0015536958722829218  0.0015089589307805814  0.008610502215342082  0.003778506851162216  0.003095083617657392  0.008319495614612628  0.014204266939890802  0.002783981979321446  0.0068012740716837045  0.005219569695891718  0.002851438835967997  0.0019087322092934617  0.007152513499026141  0.017489544323532155  0.002072234795483077  ]
[0.001702529374254184  0.00533812234656367  0.004007840051765848  0.004018698282113283  0.00481474031056102  0.0052849222101881985  0.003922462705513255  0.007748459394399812  0.011347236621714564  0.0036182698172755635  0.002099059320319834  0.001232134668006464  0.004914985086306685  0.01078190402378779  0.003494232935520309  0.0074371924271156966  0.008315747150269488  0.004815714207540401  0.0021351265778129223  0.005185285495022344  ]
[0.005781414161557968  0.0026359966259858593  0.008084185390437065  0.014244586435712333  0.005820844508276747  0.00259467363623939  0.004853770429604658  0.0035838300379679453  0.004758990226518145  0.003539289150903573  0.001665324785092924  0.015210702957475626  0.0033047804387175824  0.008873955085531344  0.010334111937543244  0.0036107405066310417  0.00815505346966704  0.004858494732991323  0.015163535819749703  0.0018343417651926794  ]
[0.005066740616167033  0.005027438827359571  0.0022831772218121268  0.0020378679396086483  0.004070609700257394  0.01166369648312519  0.002804780110109075  0.006934777996817712  0.006505323172109428  0.006890490039276521  0.011557494822891368  0.003341552816116999  0.0017275246913662267  0.007603437188416715  0.006599850845850646  0.0038305679156449652  0.010196384108734797  0.0032711660128015773  0.006895333123556796  0.013064911849115747  ]
[0.00354843263551594  0.0032521365089648474  0.0033042651206962093  0.0027272590579195182  0.009221727699796154  0.007239362197244124  0.003449327422879194  0.0028293515446182623  0.0056978525025685465  0.00314630145988011  0.008111435100787401  0.0066251849663616  0.002572478143180079  0.003457783267718432  0.007373895766468321  0.0020176360798651993  0.005702297125696156  0.003242927531844412  0.009326313059325242  0.011105908127557273  ]
[0.008313144744392773  0.006727683737714757  0.003418340229966475  0.004119501305538453  0.010427118757345023  0.0041584022580318835  0.0036936465573242745  0.0030026584777233627  0.009722744171050441  0.00545848535429726  0.0014085657458570515  0.007893266330605997  0.008398828920515976  0.0050217629053796176  0.01018559707251025  0.005526659064478255  0.001748017064020673  0.0039000834772869183  0.01313894038138021  0.011837405557868563  ]
[0.0016782770280394381  0.006519929025086089  0.011588688503664346  0.0017471515235104745  0.0016553416112340923  0.003333239572987327  0.009173189562940035  0.0020172280580681395  0.005770030083273569  0.004749953281145415  0.0019687823073492546  0.015042629738552015  0.00795942014505306  0.0023540844187307244  0.0034617209673049034  0.002054638091175268  0.007149229194019396  0.001290129005682687  0.004846197580519251  0.0026534186130614695  ]
[0.0039603238008538676  0.006716439088640385  0.003900407713219943  0.008053510510155657  0.005634848118954023  0.0012026462218671025  0.0018667182606510874  0.0028789673638377196  0.009263148462931223  0.0024175081346375633  0.006824587685839863  0.0032579876511993587  0.00843613538911484  0.002426229961000964  0.004175083812913775  0.013769491643815291  0.0034565324604146257  0.0031056191430983084  0.00591758991046092  0.006298864293833235  ]
[0.002503376478567606  0.005481643490939701  0.0016017667200398026  0.0134443347733917  0.011417395281618361  0.0008237026457846474  0.008611479631966627  0.008276807682714315  0.002983126872681044  0.003968280444021896  0.01184914817267468  0.0018288712512860334  0.0015395739348583396  0.012073551298778884  0.011229336832483432  0.0065650730717518365  0.01000741808336512  0.005028935430725316  0.0063577082854675004  0.004040054788612851  ]
[0.0038460257158409545  0.003042466852651902  0.006206043426890398  0.010482692607137004  0.00417596259055007  0.0037936068471581407  0.010121169975753215  0.0020427485273489233  0.005221009164870551  0.0020584415632387562  0.008588369521663317  0.009202592873715599  0.0034757251655508437  0.009003677271526123  0.005075760381101428  0.008704464161168803  0.005837051454690004  0.010098639620115198  0.002284223880103408  0.010270041490096967  ]
[0.013083261446035435  0.0028481437818559455  0.0049199971495073975  0.004039573180016756  0.007624426161827838  0.005427353137796532  0.0029893570768434754  0.0023593208646868046  0.006838674774505099  0.003589787493031855  0.002275311261271765  0.0011328467551717577  0.0019330157117629406  0.010479523963060716  0.012607127144133664  0.0034308379283069187  0.0009652656091414863  0.002468175707348533  0.004593359355334771  0.011034405632410893  ]
[0.004049159212227423  0.005578433488202737  0.0057573144961122254  0.0072826875164786874  0.002493374806797122  0.0019916268355969287  0.0060559685581758555  0.01103648184562835  0.008460031686440063  0.010740442894786118  0.001829343959112032  0.0017721237181797975  0.006440481515197551  0.0022793543487576763  0.0028546973273199418  0.0072343944260584185  0.005846752322898612  0.006215960096566322  0.006218199785199663  0.0010894513966595051  ]
[0.0015668714080319262  0.0026708626399265605  0.003498938399985005  0.003456053802491746  0.0014192855520818255  0.004629013005217015  0.00988502648890635  0.01159038862920523  0.0017702708250069052  0.004483209492129176  0.00612063683672732  0.003234349092718279  0.0066847654225801285  0.00792335988035552  0.005998714531533291  0.009381014752070066  0.004948347731323901  0.004243871294906908  0.020150457216335325  0.0015309195508167184  ]
[0.009740796682858405  0.00209082871709465  0.004351577851001452  0.005600264008957125  0.006941040699633648  0.001690937539261458  0.004489031119521086  0.006858295841187773  0.006449590628774909  0.010059407882996231  0.00993746671964856  0.002572988917852306  0.0015961988638706008  0.006146803238300087  0.0020463547247709353  0.0026393421857589497  0.00859765109053919  0.00872383684238539  0.003350322992479585  0.0037288614075085607  ]
[0.017057020416543556  0.002345953167904612  0.0015887722157482383  0.0019809560406157498  0.007354921375116793  0.0028282280772597506  0.004379559229416945  0.0025312790169610636  0.004158218579616849  0.009879509021193627  0.004172737834010894  0.0034195547415825423  0.0032344311406701932  0.001963655702500702  0.0019640001564789843  0.002363703936786814  0.0029446530229901213  0.006347341049386685  0.004934348575176447  0.0023316920122761274  ]
[0.003538371429902782  0.005819338991509357  0.006899852550836175  0.0025604296253918294  0.0017442420790494595  0.003741084850111419  0.005554909488650273  0.006780000473993487  0.002421307836431736  0.004014033173573669  0.007829064882169893  0.005778970550108896  0.007383850822765524  0.0033661162436924544  0.01811695787788772  0.00760504161701039  0.005305356265835768  0.0031419455071094835  0.004721013623952185  0.009172114143310891  ]
[0.007191793649076325  0.0037585261265822927  0.0017231030562319188  0.0029361078484430635  0.008746154618723053  0.003780205252657104  0.0035275029222175958  0.001461523720867065  0.014536347515905877  0.0026283241678805216  0.0054968211937278105  0.004529500107845864  0.0014981442155479027  0.0033305051540548003  0.008042160909368474  0.0021255141661791987  0.008686336616220997  0.015101367012138978  0.007971655729152162  0.006085751178266843  ]
[0.005974895308835777  0.01025676878070492  0.0029816934125670683  0.0016969660214356927  0.008906142105834612  0.0021354438725669335  0.0045839298722760435  0.008111582473121394  0.00599119719990649  0.00823942950321676  0.004929299992977489  0.011387570724447883  0.0028334302920621436  0.0034781466375385225  0.0021515733044064644  0.005943495626161074  0.006413594362164338  0.0070824127265345215  0.0017112892873522858  0.0045536961540318605  ]
[0.012713475517031721  0.0017720742794585746  0.013043332211650306  0.0025778914463687086  0.009118081436648601  0.004529875127575433  0.0035760655500349813  0.0024951657706716477  0.005305032389053065  0.004079567782244659  0.006125074528207641  0.005896759314377023  0.004155485271048918  0.0020076147914826568  0.0019539446176460007  0.0018915931493372483  0.002031566615164894  0.00786758907408183  0.005239699439254791  0.007579060957833755  ]
[0.003559774273549207  0.006437866826198088  0.009034118083032165  0.005547146271790658  0.001670951817739936  0.0037711776973693685  0.003577497231315125  0.004099493547799259  0.0028000391901934953  0.013798235369135247  0.003623871661936727  0.005678232410928377  0.0023351510276098885  0.007326264413223913  0.003881879524817276  0.007158234544531394  0.005061935577781994  0.001936902793469226  0.005314554044707982  0.0035347454562308367  ]
[0.00778456551058426  0.00850383876825635  0.003040576894474874  0.004226683088772851  0.0022460415782352135  0.0039050123132824692  0.014374621030794616  0.002756062790974903  0.002978421751168552  0.0039183750513411865  0.00436777138602089  0.0014760578892354212  0.0028326715298762875  0.004217836474552099  0.007605442708193185  0.0021643679655946883  0.009150916457655194  0.007997421872956968  0.006625002572446842  0.0079873983502698  ]
[0.010992673246219721  0.0016051961571866126  0.011674871890662051  0.0019896638190005232  0.0032067247234105903  0.012586021929314515  0.005847357275638449  0.0038072399546530793  0.003617629308824689  0.001723169595324892  0.0037058535442341623  0.0013769093914705313  0.002653064401061423  0.010090097349811974  0.0021309664617402677  0.014502511808554594  0.004736888180333505  0.007854188169561578  0.009320835177305873  0.011010462300820457  ]
[0.006048848068788703  0.0016256046197581572  0.0032211348195362896  0.0022487283460098963  0.0047697777818490154  0.004103993083455492  0.0028977022084081773  0.004033716634481096  0.0022677326931008937  0.012834257370939668  0.005866134879568374  0.011494723447438446  0.009091863499653888  0.002453936267068843  0.0029248492009971  0.0033633466101285793  0.0038161308066278024  0.006600622600221434  0.0058345713297172285  0.013078971054989584  ]
[0.011190611804617785  0.004824229732002856  0.006799061859285499  0.0076143474145704765  0.00621026125446563  0.0024541879101382877  0.005808723738928409  0.004529942289413727  0.0025127174114183636  0.014139224008191715  0.0023005805260269416  0.004912344094326509  0.007255535927619089  0.0027070868834189903  0.011626844635812827  0.00438114894149658  0.00193701352105679  0.003029221996542771  0.004206098708409643  0.006027975130089049  ]
[0.010346692852157035  0.001426777838316809  0.002702830583424786  0.0038402022937436445  0.007588705946199447  0.0037502101323389934  0.0022690886045180366  0.005775202860264499  0.0032235187447169074  0.001537779648388934  0.0022363042593282075  0.007141583209626621  0.017436760198190234  0.006775519251372389  0.0025794419432794238  0.00620688844419972  0.00829841368694371  0.008518130791394843  0.006723291043234644  0.003277213204844948  ]
[0.008781742559264779  0.002357858591695844  0.005430910761709397  0.006577883833571841  0.002172749271281719  0.002965458611222692  0.001676794819641876  0.008543445357933024  0.011275748597861396  0.0023924142290529652  0.005664275102938551  0.0023761884681300213  0.006232307421719457  0.0033114782204575906  0.004588375080367035  0.0028002273106892688  0.002941372212658592  0.002099856390535035  0.004235259852578441  0.0026194084637404043  ]
[0.0010490376138578856  0.008921152236748987  0.015029252616140677  0.015317346630653053  0.00366985966255309  0.009941293444581977  0.010651416789621681  0.012044505203464475  0.004166047920058707  0.001757262434170027  0.0016945296819351737  0.00813299808556073  0.010836417579879703  0.0040889579541236775  0.003990758250044312  0.004391809956917453  0.0049084634604401505  0.010564146326746144  0.0032044123253760146  0.0014403674813348226  ]
[0.00423780712647019  0.009922204206924818  0.005754959244057234  0.008943262746109348  0.0013283322635513088  0.0059805283566621  0.00457302063943391  0.0024160691490966416  0.006841449032484975  0.0022263348741373757  0.005355723532788634  0.004725500586024896  0.0030175252310786194  0.008448087110742505  0.0018102400588558567  0.000980643212786578  0.007310703537049741  0.005682905236604543  0.002422811727980744  0.004208916314676105  ]
[0.002645712575976128  0.011588034340083968  0.00865960662566587  0.0044616968214912876  0.0023875700873083063  0.006177465915933065  0.010606230846208858  0.004964761157083756  0.010787628091187584  0.0020888481283134292  0.009183935109464393  0.0051484909128218  0.006623066927846499  0.006624687791370271  0.005602184130465088  0.006845327215087106  0.015538595725611804  0.005453512474280088  0.005014818681012673  0.003221321671251345  ]
[0.010321312916074469  0.003600142771817569  0.002995260856037234  0.003121409181704237  0.004585418562973485  0.006241924044852565  0.004350246329926498  0.01115690513561922  0.002285066142410959  0.015222473647329798  0.004364208696976257  0.006581484260642552  0.002643704148773652  0.0032123744397499422  0.003569638954673958  0.004120584771267365  0.0060566246195772645  0.0024416197410892415  0.0060540308361202635  0.00407491606004001  ]
[0.009876426916730663  0.0027525742550282835  0.004157777251930364  0.004582998565391193  0.007544690776160561  0.0035414745940800063  0.0031089677450950523  0.0031633999070758965  0.002565105786154971  0.00463325525568802  0.011802489203290467  0.0017730908124476115  0.0018204245694591272  0.005560097989235075  0.0029568915545642865  0.010378819281429584  0.003867492280438914  0.010999190146967408  0.00715558597218536  0.003330492803838613  ]
[0.0025073639082796827  0.002161658435399461  0.008778227477960535  0.0018723100558179508  0.011979802171503167  0.005657228056743569  0.004786404624532594  0.0015204529614364069  0.003578083983143289  0.009639745548282353  0.012513880805695899  0.005387822379246048  0.004865667414714484  0.0024012707103652497  0.0038285142051184317  0.002194039531294939  0.0035385498397772813  0.006781452218914914  0.004736326429338997  0.0034672892468132137  ]
[0.006881754628896882  0.009263773055795723  0.004668132720436337  0.008582171592205964  0.004997892855275721  0.00215159585418299  0.00803164000678021  0.003096881986821945  0.003873777701967737  0.006560140000190219  0.0032645008897090023  0.002592165588456875  0.004253041568576356  0.0027142137423799163  0.010803815709706538  0.006671942681978491  0.005890901804043813  0.0066280633934622316  0.0030815057842990008  0.00746144100301828  ]
[0.0007552374451485971  0.0051900993268094026  0.0018333562371223228  0.0018925755235276913  0.0019471476112440846  0.007299445230022829  0.007246341572336424  0.010868403291399976  0.008750583848438954  0.0029558143485537143  0.0054027715015491735  0.003831683275732576  0.0010001438797747023  0.002075959545751224  0.0013944028999429445  0.015212470703932461  0.002551543174516102  0.012715377735951066  0.010330307574574735  0.0018574165059801302  ]
[0.0024587882949339123  0.006004874983377979  0.01175335128014559  0.008556131141537644  0.0016989759718842785  0.0032371327790998504  0.009901131172016943  0.0053916673442330355  0.006019679963120175  0.008148241680354181  0.0036131088337334827  0.004004114605628753  0.01592864874923896  0.0040201031130085154  0.00253365012193548  0.00127448275016371  0.001989262845264578  0.0029093326363818935  0.005927173101688726  0.0036299250153063187  ]
[0.01004989618079559  0.007606766493631155  0.011954476371724476  0.006577753901423399  0.006542861639623482  0.0010441470013861783  0.002843562206324796  0.006927287502319352  0.0062789804546491655  0.004930559410142548  0.001870591678554921  0.0054021190530139755  0.0008955680712185745  0.007276843769622659  0.003104992058386834  0.007777753164826184  0.00969745824812557  0.009611231740816639  0.009754953468861623  0.0031874118784880707  ]
[0.0011995203284714793  0.0032658540331593224  0.013359635163770726  0.002367008319431095  0.00922287215606581  0.0060893814450729885  0.00988784313325315  0.00405609424182385  0.010358600559122938  0.009766879436849929  0.010753003503068318  0.010708807594591689  0.0024511936243184003  0.003888279310779573  0.005383858097618119  0.0024514269986607123  0.003828363244058207  0.006501379899943319  0.0017827455998068195  0.002594475651320431  ]
[0.004380234709676386  0.005015984752809511  0.004556518927131696  0.008951118062439797  0.0024156919134664745  0.0036541468126524545  0.01068856114505519  0.0048626353707267944  0.0039895958730971235  0.0033419483871940294  0.0014925857737950227  0.007986899183253512  0.00311170770054385  0.002437465677250973  0.008273695119966803  0.005597623569714069  0.0033680035667326145  0.01103038089699429  0.0030610684047002595  0.002011327427976035  ]
[0.002852921280903507  0.006722268615344204  0.005618338458760798  0.0015187791459996987  0.0037231977692083807  0.004568628824320681  0.0016407355759523493  0.0031519269811643787  0.00297412812059711  0.01294404088746333  0.004345318010926917  0.005165113303168486  0.002963750624948889  0.003214012721088653  0.010684354547146285  0.014894353280490592  0.009059659657107397  0.006603694051553398  0.006715432350684763  0.004510219187605242  ]
[0.0060496093327006605  0.0049105268249563065  0.014001959532616851  0.0015033683343705527  0.006734686498451662  0.00791318382198262  0.006179994888946871  0.005974690044996942  0.003311228831781693  0.0036369299792524358  0.009643171329620408  0.006417128422980002  0.00716500240333116  0.0024883106211827355  0.005231452234281576  0.005740824189493741  0.0021362987643354305  0.00866218180221784  0.0031655367304203263  0.00468478344063663  ]
[0.010105311448335347  0.0029022899402410987  0.011070581961372674  0.0023827628375587503  0.0027150181707922302  0.003941716629724766  0.001695590892025594  0.0036276067167617036  0.009234577118036906  0.0045031801400968186  0.005262234569839855  0.004980594975863714  0.008247722974605957  0.007511466373537852  0.0031475390021789736  0.013018365101603585  0.0017160391874781959  0.003221264692210027  0.006076843082240392  0.007089883563576969  ]
[0.0017515727900319139  0.009153820272770093  0.005282978063449188  0.0026356041040667137  0.002177619448343189  0.006894741573855302  0.0023746982625562165  0.008097554192499612  0.005033050178729108  0.017196422978785566  0.003930572819066429  0.005145476917528218  0.001926243836999145  0.005409286028714077  0.0031013354316927364  0.006871446674125974  0.005391632679602907  0.003642305448333493  0.007119485717434158  0.007043346803139201  ]
[0.011699427874642525  0.004593097182816414  0.0014931485685727888  0.007362418956031072  0.0036412671624760033  0.0021906363482035313  0.003450759042338672  0.003911764416674938  0.014972905018213465  0.00670722875283917  0.002043367877205823  0.006733175979492764  0.008131166144793077  0.003714529275139152  0.009348017272768879  0.007233576820659938  0.010275927164459325  0.011317983214638526  0.004882633958512541  0.009169591834818176  ]
[0.002116448216880407  0.0016596832265732538  0.0018253448869420678  0.008712712839220057  0.010568754704738637  0.002908873530307164  0.011152490429580417  0.0039353863050109825  0.00839896665528803  0.004537786753850226  0.006603694463442229  0.004244479741418869  0.004353899910559518  0.00740748089073678  0.0022776636035154504  0.005300325093536539  0.0031702269245340166  0.006258425863239292  0.008284996047142935  0.004358680192147705  ]
[0.0034016639468950295  0.0026041379111584723  0.00484951869991935  0.005154638509832898  0.003983413746094279  0.0029204972055561084  0.0015595875678043642  0.006798968839922812  0.00665858485279306  0.0026768401858079743  0.002315786479791925  0.0035292109586760796  0.013235153981048109  0.009948202689813028  0.005197902431456666  0.004486947102746232  0.0063751966833723315  0.0037347280887326095  0.0018653559334481887  0.006733991784668082  ]
[0.004130361272278988  0.0012136641091200543  0.00271670547968033  0.001876630232705085  0.01099837906953141  0.008387089484231228  0.006059370971231801  0.00748873912078749  0.0026561358772436523  0.0015173831697961023  0.006290927505959009  0.010409758792174808  0.013982426110299092  0.004781322698984267  0.0014804260647318206  0.006075271639711063  0.001982693657115048  0.003132045529932726  0.010723787032172494  0.009097422773042436  ]
[0.00405916840212911  0.009706634253234148  0.002923695150251786  0.003988048967447984  0.003534454632902482  0.006055186058975935  0.0018916204472422709  0.010554121762522404  0.008383691199742818  0.007031611638460779  0.006937299465148053  0.007700895271695543  0.005571179481905949  0.002326782770385321  0.009325575082189378  0.002130365206987795  0.0038184930479672626  0.00434306709020368  0.007198772727531455  0.00811143745724047  ]
[0.0070192771584964364  0.007717890401640045  0.013683800252270287  0.004719392717970602  0.00670183727305034  0.004398239680269884  0.0037587915349475893  0.0020241810582507787  0.004566633412604618  0.007370685399806061  0.002556290062836557  0.0011555149330749954  0.0029788190389283616  0.007888182640545029  0.0038095838708179794  0.002612234700327996  0.009185923736347688  0.007598248607927123  0.0026714788289377987  0.0018977548713734024  ]
[0.0045918614223348685  0.013465184268469495  0.000847607032836174  0.006665181136127201  0.006421796779843103  0.011995604473507549  0.008403516853489416  0.0029707322842770847  0.006223734115509312  0.014893452588018137  0.0033926088156614833  0.002414120625979223  0.0024967736926413088  0.008410259942740153  0.0053609692398336  0.004395511049365023  0.0024514738920865817  0.0017874862915605607  0.0018650409173507172  0.0057332703980478295  ]
[0.004175792151678404  0.0027772511276357996  0.0025911204554914464  0.0044453756227674016  0.0028477592187954063  0.0038453951872278805  0.006996453623621599  0.009865159997060545  0.0024550197084962076  0.01332528912351433  0.00724009475554291  0.003887394787402065  0.0029134482504119988  0.005176533242787979  0.009334359913579315  0.0043256399798680375  0.005281630657391344  0.0035344332183659564  0.0031331433607529597  0.009211584577464349  ]
[0.003906440231790307  0.004877155473767161  0.0013685442879964819  0.004438935615194788  0.013527308032431773  0.003144973956307669  0.0018089395218854705  0.009943887164895098  0.0024200663087739936  0.004314728677460184  0.004015047363109193  0.005252792327111708  0.015443753684935597  0.0019137569988273238  0.0077291426137094344  0.0064112214184377445  0.0014073696718077573  0.0031828648635759344  0.002760245719416004  0.007278603104030418  ]
[0.002176610454701761  0.003277185967306433  0.0019857598267361914  0.005347013307061762  0.00406975504832973  0.0034744279365721904  0.008662977347989277  0.0036963297826742786  0.00584424937628485  0.004949205044542578  0.007285946842868641  0.0034025183243774396  0.0015062001466648201  0.0031603916584361075  0.005455318709952436  0.014763511446388846  0.002462191756513317  0.01739281543212449  0.003786662371404609  0.003756017126652733  ]
[0.008108222776337179  0.004748372094324118  0.00781240677639123  0.011586190191871272  0.0035797938270276295  0.006699493478226799  0.011260809001113007  0.0033503255210915336  0.007887955543764553  0.009935376133953185  0.012452600310647419  0.0064722505528359234  0.003010657784528871  0.005641551500551203  0.0045376370844606405  0.0019917159161421337  0.0063687797270892575  0.005364990558638095  0.0036627174464466754  0.0025043246695403594  ]
[0.002671160018282042  0.00605182813790441  0.006399832829945444  0.008632831979998121  0.003479821168731776  0.007045483506007087  0.006351268361387316  0.005448757323366827  0.003382017437367611  0.006223963711438317  0.0011747574873811222  0.004473396761608475  0.0053718982198174454  0.01557244995280099  0.00393941381334145  0.015955064973296552  0.002535574143406705  0.0025648912812145665  0.0031236894599579136  0.0038453075761844977  ]
[0.0029629240653631936  0.007370482921207513  0.006487602053264505  0.0033989470062513127  0.003839652502753097  0.001695143351472442  0.004697673364487239  0.012635048996353235  0.006986668618753323  0.004182837449039724  0.0036088554498366157  0.009989928398746389  0.003197834474727137  0.016465383628890835  0.009605978041634627  0.0036776588003879828  0.004071843649312062  0.0021822787610180617  0.004085130043352856  0.002589137532700396  ]
[0.006331900843819771  0.0037951881250761475  0.001545234896552038  0.003330418128455176  0.010952635889614077  0.004427717624509882  0.007952579940783461  0.002499333842159876  0.01535298884303831  0.005976918412228247  0.005618724169798795  0.006059565294722594  0.00880195753329984  0.0012666861121053837  0.00269718623755379  0.004774394317123183  0.002113059428803278  0.004182371727207307  0.0049645692680452954  0.002971541277796275  ]
[0.005956021358918712  0.00420404668528344  0.0018883378315854573  0.0018036271877864935  0.00888441949268213  0.005119409939338239  0.008002325037792022  0.005262784247251148  0.0019055074089883127  0.009222823576720584  0.0027394710666504107  0.0039029150352580546  0.0027266031057448306  0.003131654400028555  0.009721044069199037  0.0064088313108542645  0.008219367641446434  0.001729058131419283  0.01666145020816355  0.006407334574126625  ]
[0.0009482307064240101  0.011492651241895057  0.005345167358375329  0.0027499802883376844  0.009745552245580174  0.005934416757394914  0.0026562529446890483  0.0175283426042659  0.0026763617301155734  0.004019815981628049  0.009294845951657546  0.008856436514030775  0.011344838198850914  0.009367427207030096  0.009106503852321037  0.008691018455532544  0.002180754661393095  0.010217449886199709  0.0029284193861764804  0.010748215865326212  ]
[0.003021415694496822  0.005518567989583188  0.001387448756698274  0.004661273245751633  0.0013263322663724932  0.003951972816556608  0.006628800200259238  0.007312508716394239  0.01049270094339268  0.0031276882218329674  0.0079649121530781  0.010159599579307111  0.0016985226231384714  0.0024798055543483306  0.0018270862954983787  0.0012426452075688201  0.006543592730844182  0.0036240042416400887  0.004436572654774277  0.007033792738641075  ]
[0.003975106165596643  0.0028806362444358173  0.005841748990303591  0.0022996781004354164  0.010548581370910148  0.003502190829083433  0.0036577301477266904  0.002746352040302108  0.012677861131932977  0.00491214098659053  0.004956952424260545  0.008845923015123144  0.004965964988346904  0.004664428978610514  0.011685687189451574  0.0026221996007723073  0.011135820488902581  0.003356725645425871  0.008047374004705168  0.004489408018729243  ]
[0.0030330030853098437  0.003981294517094594  0.0019650495588848464  0.018181820951304824  0.006104835566161809  0.004064383844003946  0.002003197815867888  0.005461642561710735  0.0016201596869645902  0.002342413154830045  0.010138728596403548  0.00506320919942556  0.011935403671214408  0.006566480922498753  0.0016288588267116503  0.010382227292260016  0.006972544098388466  0.002838332226589338  0.004975520169858408  0.004374276266080522  ]
[0.004860639296188727  0.01144934925112667  0.008317151243816287  0.003645557568209824  0.002603534346345855  0.009310105703785638  0.00656327808854469  0.004579885387888063  0.001366227998017768  0.015794442873925157  0.0027085502661057703  0.008296027466393957  0.004079458981357309  0.003403539609728661  0.004096534008407793  0.001151263017898123  0.0032781014005826797  0.002033195124171993  0.006915374219731452  0.004488010392582807  ]
[0.004747209120579352  0.00467258773363803  0.0029360858642606485  0.006270742943572462  0.006127160603150548  0.004758876688089736  0.008820108427809255  0.005308699678924139  0.010039281845358669  0.01098248814626458  0.005494981327253553  0.0035203365221086838  0.0038268136552859935  0.002938723887821536  0.0060779765641678805  0.005321919671248899  0.0072993475768430155  0.0023800618441097592  0.0021011936048362045  0.0038005725368342063  ]
[0.010478952720405579  0.00953373417776248  0.007740862410986168  0.006282557936678925  0.003285858334609162  0.003962987531904952  0.0061779191800836325  0.0024283870283524703  0.009191168167866776  0.007433346733072583  0.0022429195802131895  0.0023435499423962425  0.01113763197763943  0.002178420045170505  0.003892524574641741  0.0017375356521721163  0.0061018575964634815  0.0021567265373159047  0.002752029031542447  0.002303180546881672  ]
[0.005106623769456072  0.006870785939442284  0.005451437714046989  0.0036209507132061005  0.01069913404439284  0.007400502877301942  0.006439820980531593  0.011706301631903516  0.0050118969678076926  0.011096850007304268  0.006033321447039314  0.007732344922806172  0.0026153672296312996  0.002772266635633629  0.001933899609724376  0.001908050844320488  0.004655172418533701  0.005761970017788623  0.0013791434955577899  0.0027493356325778164  ]
[0.0037940842662467396  0.0018000160662419713  0.002404850800961982  0.0072458805659729245  0.003324594292748987  0.006728107449205969  0.0027777917812988866  0.0034086892016328674  0.007558845978373599  0.004908936365962393  0.0014466979624319835  0.00269808438570675  0.012683117033954168  0.01666219139726218  0.0022697301207413663  0.00648889666787796  0.005564567815568756  0.011278571173118828  0.007991790889296167  0.0023433091932567145  ]
[0.008748595324182285  0.0029360488405834333  0.005612415025112096  0.007450134328699623  0.0031875110078688723  0.015008322331170137  0.011417937242312503  0.005468272021810836  0.010981578171530667  0.0029936317503142782  0.004805001019034614  0.0029681754342183848  0.003304862529131475  0.002136979406265772  0.0038662661390805792  0.005982176227522832  0.0030098252851724593  0.00630593144157903  0.008670139534875035  0.009686436866850216  ]
[0.00915156055957035  0.007812256869747531  0.006581526492580675  0.005775378330446883  0.0021450111044524402  0.007001943831473059  0.0023910342204172923  0.004134959539024227  0.004656353506212223  0.0027040389205507105  0.009028364732863005  0.0056439906349492605  0.00858633956169509  0.0020889817635859143  0.005372723299065305  0.0023314145936985564  0.007227383760483205  0.004321762705090245  0.0028106149322316043  0.013014983501299074  ]
[0.011571128406097378  0.008513200074905613  0.011055301742672797  0.0028697576250989857  0.005378056007329702  0.005269513324230124  0.005056128333142559  0.009687283000656051  0.002408822832266497  0.004106448110760219  0.0030423880950842053  0.004694942584703812  0.0023517155322886106  0.001297077360239531  0.011980847741215736  0.004942786992933808  0.0024206241502524985  0.0014156253678436067  0.0034285399999119093  0.0027884275860350885  ]
[0.004154871963775559  0.008837133688471516  0.0033398296189802133  0.0021391863557319764  0.0047649651909085705  0.004575485126739322  0.005184463379667764  0.0020432402708160566  0.008058270694551848  0.005636431793322532  0.0025029462680360485  0.00851567285410163  0.017265929919315234  0.006129587519130428  0.006139518964482025  0.0100796528311244  0.0019244493997903798  0.0116499563080646  0.0048921072733636795  0.014154558918568047  ]
[0.002217592781740938  0.0027677870599112763  0.008378904819371173  0.010199652084382501  0.005275198821047698  0.012390882924276042  0.00462363016318961  0.0028426365454074514  0.004492610055244553  0.0039540259316229115  0.006145475080444695  0.005752060493688465  0.005634880329822129  0.0072629981876473175  0.015698774974165646  0.0061090110696761695  0.0020449662278700324  0.012812841122699455  0.004672994698923548  0.004016121493583332  ]
[0.008723485740966147  0.0015250425151762366  0.0035987041637367692  0.004348424274043931  0.0042253769129189465  0.012971566375787526  0.006386773479280629  0.0025808479090076346  0.00570763787541934  0.007918561371537633  0.002450303841891975  0.0036845281464740116  0.0024191097558406336  0.010629479378217368  0.00647232194730438  0.00463280578022572  0.0037071518979405827  0.0048297670019677484  0.0063111300964693385  0.007663777495747478  ]
[0.0020804757806617115  0.007354556870087516  0.01193674265111156  0.010827096041089517  0.006600145063758275  0.00624612923971934  0.012863842000633015  0.0031047686585940985  0.003029099300656277  0.004081104747268329  0.004605213907096898  0.006693619893661056  0.008268500844843804  0.0030767691222894043  0.004278934864878689  0.0037975708318565217  0.003414548567257355  0.0025223793408113847  0.004041058260262499  0.0020198614620494056  ]
[0.008054166802211086  0.0038479540790686013  0.00458662981574726  0.012381835291660592  0.011947978223043231  0.011717291630842964  0.00517933452631789  0.0012683600969910572  0.001530244720404548  0.0034109059996816544  0.006012634469644966  0.00213067453272093  0.005416333689361921  0.008725760267120054  0.0022980216192600715  0.010517185461544556  0.0091252064385329  0.003029601521313288  0.0064296108752099155  0.00395389110530688  ]
[0.0056893094296700825  0.007504940740492445  0.005359012809298617  0.0027590971333346383  0.002302980927805484  0.008164933065162413  0.003767865246045933  0.010288840104498636  0.0022557494026873826  0.001302562264972716  0.004141590822660498  0.002425954358214116  0.004280996175331484  0.009962074640000986  0.0017839134894719571  0.003945801659471778  0.014360406779444331  0.002304384484632647  0.005621452167949582  0.0016603263334048954  ]
[0.00208247944505894  0.008466234543777287  0.004003062337529315  0.011767634763495339  0.004637803968306066  0.0031581374444578534  0.002134132328779213  0.009207159214710242  0.0016410687282528969  0.006669444326229212  0.005919845164941694  0.016366971705650202  0.004331184812857903  0.006626365788524436  0.0044017127497162885  0.0058897226970508615  0.004859699680003759  0.0013070706634389577  0.0038979010255897955  0.01003860508780248  ]
[0.0030207795597691866  0.0029335302389560097  0.0030235029290087826  0.0015085715926601371  0.01107838289512365  0.014367169620043533  0.004013314485809645  0.007767436652832198  0.006671668993907548  0.006983906716280758  0.0030312677781721134  0.001785881071773503  0.0013878223553648282  0.010515314771741564  0.0022821478916787543  0.002349405746375458  0.008833440464956864  0.004787276742798111  0.003417073359499346  0.003454848950487547  ]
[0.009094063430642564  0.0056085512793349005  0.0025789893813283477  0.002037979688481754  0.0074760618564863575  0.003300203769601935  0.003083770753590807  0.0014444865828670411  0.0018352634871702902  0.01320559075985942  0.004610739987355016  0.0035975391454345688  0.008870795731638143  0.010934854419815745  0.00486342607151764  0.01125927663784129  0.010438653104575058  0.002618482529445726  0.0029767095506162532  0.007229531417565812  ]
[0.010412910189264348  0.0015990278001003259  0.0037009995777049333  0.007486604243628525  0.0044543564116864874  0.015419878532946995  0.0036276038158802857  0.0064800474300174965  0.003985170237056315  0.002078927293322652  0.005732755413405901  0.0017503311496052227  0.006346602369546722  0.008544045134298156  0.0068310388447293665  0.0027740872110529552  0.0032666417027973787  0.0021116614491060873  0.00318341782088643  0.0024115554465916856  ]
[0.007708706119897599  0.006497724215865682  0.003153316575986097  0.0026073599692462554  0.0038988072003446287  0.007064568657043463  0.003752255379154216  0.004293979517294494  0.0015936697874949924  0.0021726561460867393  0.00815689466835854  0.010684986993117582  0.0023234338561684276  0.0018282654930867053  0.0036365112293567235  0.003664950149570531  0.018139368032966372  0.006109198482561743  0.002835462927454777  0.010221361008478293  ]
[0.007541583021267156  0.002483273038062093  0.010120267829144465  0.0027754375778731378  0.0035177892062164956  0.013223207800901823  0.002197201432934475  0.003745347788491555  0.0024905004629748387  0.00204749920137912  0.012546686615868139  0.009756870563622986  0.005566924027279291  0.0021732484576749843  0.0055306398122410075  0.003912715913257576  0.004987423576353103  0.0020706372491863024  0.002634545309377115  0.005953993228193084  ]
[0.0018240285779756275  0.003409211278883557  0.0011031059467123204  0.005865200872268882  0.008215179510503401  0.010666480266430037  0.0028754216598324187  0.0044787781130800905  0.007947936164005472  0.0032087156963490045  0.005664481393221904  0.0028227825122782253  0.002165781159964798  0.0022586238887585576  0.006438916384594685  0.010018317796387923  0.005026623167796303  0.009114924697131838  0.005780993745037924  0.0018433638598398853  ]
[0.0051471305830348  0.0035001827162378565  0.0031192474944036984  0.0029245300627710135  0.007914502020412661  0.011672753443690207  0.01720229809249296  0.008000554300124856  0.0035838989044328106  0.0021414527904067065  0.0020719280922637307  0.00656841575385467  0.005373999000663824  0.00471416575567644  0.0022536579066536433  0.006860598025580044  0.003952714792980338  0.004436981748659191  0.0016559414731828852  0.004648775759122403  ]
[0.006529861772635202  0.0022363387023460394  0.005176419527977081  0.004651494972963762  0.008972582787415676  0.005719416264355984  0.0031548086679899414  0.012095965671215977  0.0044377117770999395  0.0034228315028525485  0.00718375939950205  0.01405761307082485  0.003070737866983127  0.0013744263223157986  0.0035247343304279336  0.009135692950677145  0.007315574911547074  0.002806375265956048  0.0032619381954224875  0.004874435504004955  ]
[0.0034274210409370527  0.004686836170913878  0.0033243179704376467  0.002208591065210654  0.0032224718738679626  0.0016056189507483735  0.005439846433974802  0.008648837946748604  0.0020970576708980275  0.006002073644406345  0.005063547052467678  0.006563297781232888  0.007216074778438892  0.010493328768093928  0.01158079438915606  0.007515263175189044  0.005170533370836577  0.0039967697576428485  0.002419299511759699  0.010726564479926103  ]
[0.006133294786934792  0.009485749588774196  0.0035709554666262934  0.009567641343064233  0.003926043454088675  0.0026360423511764715  0.0026166606561513757  0.005997914027933755  0.009556532077637712  0.0013237654411211136  0.0032662123626573075  0.002292123908020456  0.0016842553068283758  0.0015947233900973916  0.002003948848789138  0.006256221689925341  0.0024958002776540224  0.007351885258670235  0.008200609122707508  0.005617400581163395  ]
[0.00846403703855529  0.0019542884349706088  0.0023763379116894566  0.00913513787492515  0.009211462554646577  0.0035056626542054074  0.004404753623581855  0.00794101506190797  0.005993977063167541  0.007656273908640817  0.006755533037734345  0.004548158686830403  0.0016786036591112461  0.0027808076466079796  0.0016558707623835047  0.0048704061390896  0.007435786597532132  0.002869411049951901  0.013156226145626043  0.005181835216806563  ]
[0.0028018680254948674  0.007414593195924767  0.003858272235780757  0.005490865545353875  0.004576026284469941  0.009613962022959733  0.0019036572513646123  0.003772759464825307  0.008801243035799735  0.0021921592277641595  0.006264638535297497  0.005280683227779788  0.0021687123099847416  0.0020579108815336304  0.007295842361299998  0.005804290141521094  0.006544924313404188  0.0050855888695059475  0.010486747877975586  0.009910614791487507  ]
[0.0035907836793936526  0.0021590094995828798  0.01087100953867349  0.009507151960545066  0.004853000824426201  0.0024314662432647393  0.0069989103937375865  0.0020433052690495904  0.003331545969629771  0.004871285629078287  0.002143556416949471  0.0021857326841989867  0.00282490972506606  0.0018784610458013101  0.0036388343165122323  0.004382357302229303  0.005346361258491126  0.007010318209732609  0.010415885717413373  0.008831932863564181  ]
[0.0032950040014286886  0.0024399028388298544  0.010900747902349914  0.005619566048034177  0.005648364726129726  0.0021021023902095576  0.003533077197724344  0.003144628858889637  0.00804944656025736  0.008070810872457812  0.00171161824617661  0.0070100746202185794  0.0028364415411687312  0.008710889226050855  0.01096147944424719  0.014119204080611854  0.008723979467849672  0.006282092302379037  0.0020744994440140725  0.005626816957284806  ]
[0.0019497781727415835  0.007634373971930671  0.012055556150112254  0.003357778390460992  0.0014038258060982591  0.006442100170633656  0.0035647338801679824  0.005470501175392674  0.0057087638611745695  0.004857682542244731  0.005248082137290818  0.005122278851289511  0.00638217466956454  0.011075364867629386  0.00536091409884145  0.014279979871300525  0.0025709140189369927  0.0038036655000468823  0.004310470904086349  0.008595358929309889  ]
[0.004427741058737726  0.008670916655501626  0.0045599027962403655  0.003847471008358215  0.004082471540270811  0.0056165167683483175  0.006126468670406887  0.008806336986703975  0.007102574325440287  0.0037701045917835946  0.005691308042827453  0.007177675945947752  0.005393570592054138  0.005157169667353957  0.002230223291272965  0.0037317545146698097  0.0069188416091094706  0.004273340876748477  0.0038007138469377897  0.00247924915357842  ]
[0.009687327841359691  0.0037307095899497328  0.006605061931178986  0.013014234063177964  0.00141538773457106  0.004663520718906094  0.005103057632649095  0.013133373023675534  0.0037788855133763836  0.004136688221802891  0.0032305037077263762  0.002976147984065594  0.0028577041851593466  0.00590333056084578  0.0023348161117380988  0.003453739769912233  0.003936269464245846  0.0024410270315404145  0.008695886001331178  0.005393397133011549  ]
[0.003236210408878024  0.0025366372741442386  0.013479087556124666  0.007441529755481315  0.006931305844226777  0.004549573021027017  0.0030663547504723295  0.006753601336669376  0.009008304077159692  0.004515919084392432  0.015329913721321734  0.005173378704299943  0.012765580636092523  0.00912419216752504  0.0024511488607400714  0.005627856199686787  0.003858331565867241  0.002975842476094707  0.009732954158637933  0.0036079521752972743  ]
[0.0030771893942349066  0.013075196872548933  0.006393874888062794  0.0034361012599290306  0.014909996984940456  0.003804488277831798  0.005138191988922654  0.003870912988029541  0.00907700484921681  0.005296477472776583  0.006539230909256476  0.0024524978549008876  0.008974401551654956  0.004622020926338661  0.011372968090521721  0.0022153353411422817  0.004061113513733964  0.00749632068901938  0.0021579279122308295  0.0028647977575879946  ]
[0.00636368029656498  0.0038941503053602  0.0026009636678295217  0.00887312383408033  0.005318128071185494  0.0139438447714348  0.0036273744018414434  0.0021111970493954955  0.010186476756985184  0.0035356924124748854  0.017340525566704443  0.0029591204999530447  0.003809797999310713  0.006105006197285837  0.011255013342622458  0.006321837537557144  0.0014859185900565563  0.003806602549278296  0.003606341727665727  0.0030739064138791705  ]
[0.0021420459240636654  0.008982451329751173  0.010687890887522785  0.0025689979888537584  0.005895076182313308  0.010252133734228936  0.014860669100405203  0.00428250663951002  0.0022057499189248038  0.0014744172328034313  0.004358280805219371  0.002782449977179761  0.0017020114285327867  0.0026249661400389217  0.007110660647061199  0.007699721576362879  0.005676856283339821  0.00442299282067512  0.0029625573808330042  0.004727500188022893  ]
[0.003053200013497275  0.005845547433085127  0.0017077563318456193  0.006609865586705256  0.009473501280425976  0.0036739021126406357  0.0062642304895719  0.014756570076263242  0.007462711241450455  0.0076786373841234105  0.0066541808488091835  0.0038888081215340217  0.0019183867476471586  0.006554501359342095  0.014393596149382903  0.0025049830487230834  0.004107333355860185  0.01136735009182973  0.0014361385344164935  0.0042627021796218835  ]
[0.00977695925452884  0.00807609133533717  0.01013117599771184  0.007935809620495202  0.007883148309947232  0.010657683337277329  0.0026614319410441316  0.0022116684252635297  0.002648770823672862  0.0022154448071735884  0.008404255002788609  0.003999449462567728  0.0032030843622205085  0.008365215908003444  0.006921263301782621  0.008311576577106468  0.004189229684028413  0.0034372510102127717  0.0014646713244082094  0.006471485419164569  ]
]
